252691024
250171757
250171757
223397237
217332691
185782605
306712587
163468471
159382567
163468471
159382567
238569698
216966889
250985131
250985131
205824194
228010999
260132613
207146694
197980548
197980548
152161860
301733851
301733851
245094662
242553189
243945481
190173142
223393367
136216553
173625294
173625294
238643479
227557867
301024716
177424354
177424354
109246893
231693170
306792858
108749325
108749325
141878876
121795463
245683147
253543397
133795565
260036923
254685530
305026014
305026014
187483804
244444950
123622357
252714110
228631453
207197840
155608995
155608995
153771013
215995327
216992336
12134836
161123160
161123160
190304566
190304566
115037780
115037780
218702043
190623135
261590721
220708693
305917893
12556121
12556121
255061506
195864692
255061506
115564222
195864692
155739392
164913898
237650450
237650450
190636514
163354866
245388762
252188992
261879873
261879873
302809926
222744313
246822989
245095555
248599583
233048624
233048624
254560805
218650289
218650289
257030475
218755266
242638971
261760558
225587664
220796375
237412969
248922655
234200792
227441946
227624210
227624210
245085910
190798788
220036325
231858110
220036325
211568793
301215197
260297793
218016184
227147067
213717288
265610723
202548207
244761322
246675437
227995406
257768095
223663251
208374860
198624704
205524112
248014365
191952200
218089380
234693033
234693033
195802329
225750561
217719809
244388703
261198610
306538116
220691649
231811582
207212945
204044531
306642861
239025826
306821181
201082835
147527342
212296974
208109122
154732501
182733516
158171151
201377574
184154128
204756938
234521862
230303558
234521862
132814572
150822333
130329335
211786021
165948186
189818607
205601087
306202430
179718847
190595891
257342569
124836323
124836323
182217397
168276864
215187161
217236375
156881915
158380980
183307589
167489974
187800302
141107935
218742005
177628752
186887110
157467903
185022685
169505434
161411194
163319439
146877558
153374557
141513131
141513131
251234710
168798987
263867544
202694597
252032776
153723546
182166129
161739833
216994568
237442053
237442053
246160878
307868079
158548388
230681427
171793443
171789353
184244615
174470766
214995077
256811711
235001937
302581543
202922104
184159038
131820067
197708372
263578649
171804498
186049297
262221460
222972777
194692958
134437240
170145771
199106112
125418162
229451327
242197829
149333497
154546346
225967914
302861931
181996723
218848367
254441987
199127642
147602845
130749354
302571235
306755672
227031909
152703662
152703662
224725817
303082310
303082310
103359232
139120677
232391049
218137753
223220446
107581644
301048844
237095849
132520144
183371519
147717469
215691562
247463143
119167501
102095516
304845157
112011476
125301366
188730311
105796894
309427426
228621712
234673086
258407347
234673086
307793814
307793814
255619904
144551105
151573513
127568910
147902124
245179873
124552037
249724448
176877312
250518428
104185080
197980554
104185080
197980554
220173814
101702587
222500283
125438480
195952135
195952135
202284095
205303557
262585904
116108653
116108653
260271957
305383285
311193282
197164900
218878136
181987523
218964980
305382641
305382641
241324271
251440774
246861725
105027808
147968131
307022160
175766981
162430855
230528035
230528035
218440343
170900745
170900745
226955758
226955758
188720482
179434766
179434766
227568264
264494451
103873357
12460875
173935193
225380792
188802355
